10000
8311
393
4831
8692
9870
2667
1955
7934
5623
9627
1419
187
8881
5450
1660
7412
8446
8876
4751
4397
7253
4338
2241
5951
8698
1984
7738
6817
5190
9265
6679
5050
2300
2285
4270
8254
6760
5830
7487
1478
9679
4826
2952
1928
1671
7954
5710
4661
4374
4724
7996
6265
5983
701
5713
6360
995
7863
2818
3735
3825
7955
1174
4119
5927
1854
7584
4292
7737
2751
5643
5284
2539
7595
6552
5020
4218
9539
3611
3101
3796
5570
3827
2520
5138
4225
5300
4618
5893
4997
7278
6786
1065
8563
794
9362
9743
8163
9172
551
4402
5271
7768
3125
4514
941
2664
3723
7818
3942
4221
5262
5463
470
4977
4540
2126
3262
4371
3957
6011
2861
3265
1840
9712
5228
7178
5509
324
1572
3407
4433
2956
8990
7434
3587
4361
4475
3758
3280
4474
879
6866
1416
7037
1663
2271
6788
8469
6304
4948
5749
5461
1208
3160
620
192
2380
3894
9346
2705
4035
5816
4816
1068
7569
3891
4435
7966
3511
1746
3245
9685
9162
2463
5663
104
5753
3519
9782
8951
3896
2450
1456
314
6731
1597
3323
3540
352
765
320
4401
2404
4930
6944
4444
3733
9153
9642
8389
9907
8321
5545
4800
6262
8158
1289
2125
9354
960
4936
2401
8013
8253
1472
3952
2681
3949
2506
2406
6151
4434
5862
680
5739
8816
4228
9942
9400
1298
8305
2918
1488
484
2564
1644
8988
9045
9925
2898
7049
5658
9
3719
8195
545
321
7660
4329
4193
9011
6059
5191
4832
2288
3585
1388
7462
4478
505
6579
2973
2460
489
2395
5468
5455
9922
8212
6958
6858
45
1437
9630
4951
8459
773
4740
5850
4834
8802
8373
376
5639
4792
7913
5601
5707
2064
1342
2394
720
8160
8578
3963
5178
7310
2373
4737
3516
4291
7859
555
8201
235
1566
1827
9290
6991
2631
4238
2358
521
7668
3559
9966
6924
5954
3501
3904
6293
7368
9941
6743
9305
3507
9020
658
8336
3703
2762
3597
558
7586
854
7692
9818
4687
3693
938
3554
9964
5232
1683
9456
8676
9607
9304
399
9381
9837
8962
6261
2717
6808
4704
4780
1001
6523
9644
7254
8019
1946
2076
2704
4581
3771
529
7393
367
3687
7493
2597
479
6820
5074
6716
2503
3239
8203
9507
4635
6335
6197
4622
8419
5745
2961
390
3814
6455
9872
9118
6142
1331
3906
5746
6666
6333
3068
7767
5787
3235
6476
5668
5443
8910
961
8930
5304
4520
3640
3423
1182
7324
8644
7842
2583
4028
9013
4312
7916
1929
7313
313
9480
255
8858
6153
7846
9876
7256
9361
4049
5093
6074
1168
7490
9161
5799
7302
8512
910
4144
4547
6891
2169
54
8049
8656
2025
3050
2417
6638
986
1002
2337
7624
697
4065
2761
7298
8565
5285
9251
902
4219
9886
5795
4620
1330
7825
1637
8625
5492
6868
6207
6793
8638
4711
1853
8220
8861
81
6303
6399
1614
136
3552
5121
2849
1629
863
7746
7912
6326
4045
7294
5647
5838
6831
4634
3412
248
6905
3198
755
3159
9563
9245
5560
9445
7632
1931
5645
204
3328
9120
4511
6016
3297
1442
3010
832
42
9405
9561
7988
4343
6164
6340
3563
257
2211
733
5056
4779
9681
7582
9789
4830
6424
7945
1165
8877
2606
9904
2716
3072
4071
2262
2511
1921
5277
2542
737
3983
5164
2376
7518
6259
1670
9217
674
2332
8795
8682
9727
2342
6145
3683
9716
7984
7220
4310
6697
1567
4476
2218
3422
2561
294
5907
7239
5142
6556
8898
8687
8183
2191
5678
8355
7259
1661
7993
179
1401
7491
1933
3605
2142
6160
6992
4640
295
4339
1586
808
8511
6466
6290
2280
2011
8103
1730
8035
7512
2934
4858
1328
8479
7074
1981
7891
2532
4630
7268
1162
218
3835
76
2997
2270
7540
4381
6167
4174
8996
7763
7197
3120
278
686
8931
5520
4015
9257
6532
684
520
9525
7671
7084
2037
567
4459
2426
5439
5936
4251
9540
7900
6456
5170
5947
4069
6029
4609
5608
6064
2384
8905
1255
1947
7056
1516
6923
4447
1221
6023
2556
9898
4491
1274
9957
6918
2782
9764
9621
6774
6199
3964
3768
51
1638
5115
7240
6028
9911
6755
6852
7610
7940
2588
5223
876
9785
6863
9990
397
1721
935
1390
9728
905
9386
2015
7168
1352
4589
6715
296
837
1943
9880
7171
8593
8954
2502
8044
2787
5829
494
3803
159
1370
4568
6795
5060
1332
9963
5941
3129
8734
5705
6361
6305
1470
7635
1055
1436
5809
4341
7613
990
2876
4454
4486
1280
7102
4911
8894
2839
5620
8308
7880
1075
8812
4815
2522
2909
3109
6794
8127
4458
1645
4326
3215
9403
1737
5238
9812
4337
1050
8117
4571
8603
8852
869
1798
962
8799
4725
8486
7963
6899
5003
7827
6423
6058
9462
7065
2054
8263
3654
5925
3944
829
4748
7112
2213
7601
4516
9640
8895
7513
7284
3943
855
4703
5438
1989
1027
2505
9423
5417
5200
7483
3821
890
7889
771
8756
2903
9206
9744
8413
9272
1612
7607
6623
9308
1871
4230
5316
6490
9479
2972
5568
1819
5196
5380
4018
2695
2204
3569
909
7348
1972
6729
1666
5606
9503
6678
7741
5860
2526
8818
7494
9687
345
8076
4602
4226
6589
1867
2783
4626
5356
1596
9273
8288
2951
7282
4593
8098
709
4054
3326
1487
1773
2493
7350
5849
1375
6201
14
4523
4820
9432
5528
178
1974
4595
9406
5649
1639
560
5665
4683
5079
2574
3228
6422
2601
6908
8016
1142
1251
2639
994
9954
1085
6897
664
8739
3598
3863
5484
5796
9976
6241
1202
1740
7941
649
8851
4668
9568
8382
7937
7564
5258
7709
1406
1458
5161
9168
1077
5752
3112
6313
4550
3546
6349
153
3451
6621
8339
1314
3692
4735
5393
2683
4712
223
3214
930
3778
9841
2457
7311
8056
641
7181
1799
6195
7743
150
4197
5516
7113
9344
1684
7500
897
4747
2435
7460
5213
5370
6749
5359
5514
1495
5861
2206
3566
1973
730
6862
8018
3851
6181
1714
2684
8879
4644
1349
750
2089
5305
4884
8025
6296
3826
6487
8274
1750
9648
1728
4166
8872
3593
7187
4934
8048
7679
9901
1250
7599
8088
2367
9993
2805
6775
4252
6060
9104
4163
6036
1658
6070
2215
9103
9987
6494
5153
8247
8595
7426
2985
6841
7682
6459
4231
1553
3434
2155
2630
2092
7669
542
8453
5092
2179
4926
6521
2040
3179
7159
7341
7177
9960
3433
824
5470
6260
7212
9064
5737
8509
55
1130
9430
4156
4051
9884
5425
1934
2866
5740
2793
1821
1927
8534
6367
1270
1187
5073
4727
7032
3562
8906
4625
1668
6509
2317
4607
4227
8827
6661
9070
1372
4920
1445
7394
9805
1376
3065
5204
4900
3264
8772
4164
1559
4505
7643
3439
1246
839
4582
6121
1940
7184
9175
8845
3102
7247
9991
8372
6667
6429
4392
8211
350
6015
7851
8580
8771
4081
452
8170
1407
5610
3294
5042
2697
7048
1021
2620
145
553
8047
705
4908
486
6050
1147
5295
9214
2110
1024
3745
6274
8943
3618
5033
9863
4713
5236
6457
4651
8430
871
4910
1868
647
1008
859
7291
2534
4327
7568
8838
2893
9061
2205
2738
5094
9274
6850
74
2821
1072
444
3876
6394
24
6896
4008
710
5424
7918
8313
4030
2636
8681
3052
8079
4673
4411
7556
4773
1752
9705
3545
2902
1635
2512
3820
3636
5499
6089
6517
7593
5091
6806
8182
576
3792
8487
378
2087
4431
9735
7445
3243
3069
1646
7574
8918
3544
2602
2312
4489
8503
9222
8691
2039
815
9227
1640
6854
7882
9843
186
6311
1520
1792
3572
2480
9338
6915
5210
2444
8129
7429
8506
1241
6581
6426
1994
8912
5097
3152
7899
4110
6177
5265
7359
2208
884
6740
9624
949
9553
3509
6884
5786
9647
1042
8993
1197
945
1108
6354
2209
4336
8181
9270
5392
838
5912
3786
2365
3188
8105
88
428
7897
9023
6964
9074
59
3427
254
1230
259
2540
1833
9154
3248
2497
6736
5475
4577
103
5030
5027
8368
2088
1322
9365
4364
5944
1678
1919
5344
309
7995
6907
7164
6832
477
2675
4024
1765
6341
1506
9934
2232
7333
7058
9591
9924
4567
4154
8095
9366
6108
1732
9656
8981
6970
6479
5436
2434
8523
2123
9820
3848
1751
9145
1782
4732
4510
6386
4091
7189
3746
6526
1789
23
5789
8398
2992
5057
2008
3212
8449
1968
8604
111
2112
13
6010
8844
9194
475
2848
580
4783
8713
6302
7538
9033
7973
2091
3704
137
4517
6990
9179
424
409
6300
8866
2727
403
2186
8474
5306
660
524
4775
5803
9209
3147
3033
2592
9331
2479
3238
8179
5825
5585
9945
1890
932
4100
975
5206
9089
6721
6451
6375
7911
4749
6510
5629
5772
58
1396
1421
3078
4903
216
9250
6864
2878
2096
9068
1011
9754
148
3953
5051
199
9905
1220
5671
3049
3178
9994
9007
9147
4793
4102
8815
772
6782
8874
3257
1212
5099
6109
425
3929
2963
5038
9590
9985
337
4750
1099
1053
2278
9415
3918
9784
6409
6836
8637
3382
689
1116
2012
4639
632
8999
7082
6289
7998
6051
30
7141
9663
5466
7234
3495
4679
4398
6893
6626
2682
2993
3225
1444
1359
85
9972
1744
6
6238
6339
261
1285
4000
4287
8945
3885
2789
4580
8751
7990
7902
1136
9955
2131
2654
9442
2726
5973
1626
1772
7958
7156
7193
2160
7871
2419
2164
8075
4765
8002
2451
441
7042
6951
3667
6706
5274
3234
3128
2851
8081
65
9724
8304
2248
3117
6903
9271
7811
7865
8969
1181
5507
2983
7257
4261
5184
2007
2132
5935
3926
3489
9713
6408
130
2307
7427
713
4300
722
7664
9999
1069
8162
7224
7205
8428
3959
2349
3172
4507
2108
2551
95
7989
8767
7442
8543
6170
5148
2886
1034
6665
1631
9137
5396
3488
4587
4083
5684
728
9374
8651
9003
537
6738
9321
8130
1791
7553
8350
7027
1321
2595
2200
7524
6189
3312
528
9629
8494
6002
570
269
6272
7242
7007
3483
6281
7218
3529
6616
256
7557
3647
1796
5851
5125
615
4973
7194
460
1878
5946
7478
4314
1178
3093
724
6363
5309
498
379
8843
9122
1531
2388
6270
6650
3321
749
8557
8193
3584
4610
6263
2944
6573
4004
9333
5086
8358
1769
3898
7021
3192
5892
6960
535
1551
1007
1039
8972
3085
6603
4014
9511
7620
2311
8437
1735
8752
5794
8234
3154
5175
9256
8282
6188
1276
8948
9446
4423
132
4983
7414
213
1191
7794
7910
5343
3534
2456
6768
9437
7206
2815
8400
8418
9281
7180
478
135
8893
5987
492
3909
7131
3879
6433
5214
1233
9664
5964
7470
9871
2093
2744
734
7222
4757
4941
7534
2139
2378
9970
9399
3476
9481
7204
6334
4094
1860
8432
9006
3815
2424
5770
1057
7761
5131
8011
1630
810
8639
6113
3884
9844
7477
4836
514
1988
5591
9726
4508
7201
5690
3386
4334
8343
8518
322
384
404
5268
50
769
8995
8367
9186
7430
4994
6450
9242
1542
939
5157
2261
708
6468
3196
2403
8987
3231
9467
8161
8354
5580
5201
538
9320
438
7822
5626
275
7605
5307
9516
5841
7447
6139
365
2212
4266
6176
4169
6594
286
140
4115
1937
4420
3561
4791
3838
4060
4063
979
1588
4560
7446
867
4
29
4076
7793
3194
1414
2759
1952
9847
2472
7609
8901
385
3977
2242
4195
9026
9814
6483
3873
3727
3748
3368
3319
1169
3829
5364
4295
1092
956
2162
4263
2763
6882
6597
913
2579
540
9971
7109
71
8422
6299
8841
5220
2641
7352
6233
7714
9936
2949
7053
7730
2362
7267
7312
844
1993
3924
3644
9783
714
8696
2770
2445
8989
209
7622
2252
6826
3342
6714
696
5347
3230
8666
1107
8679
7176
3302
9804
8209
6804
4729
2372
8145
229
9052
7909
9688
1688
8164
1360
6625
3974
852
9295
226
3966
1836
3468
7903
4578
3951
7200
2281
1585
7380
2895
3732
158
9296
7717
9058
3479
5117
3187
5563
9476
7051
3782
5283
2006
5817
7532
101
3158
6499
5398
7162
8128
7961
5130
531
364
6680
5703
989
653
3118
7153
1391
8470
4777
225
9477
3881
6693
8727
3549
1676
5859
1433
1340
4360
7484
8033
353
9136
6546
4417
7415
8198
5490
4482
6965
6438
5942
9978
8064
4544
8296
5317
8467
6136
210
9827
3373
1448
3063
2914
2807
5730
9313
1560
4529
1887
5002
8029
1095
9487
467
6657
7190
7723
6741
8942
532
1580
6708
1310
4736
9786
3642
1461
9616
606
6033
5573
4082
6613
1110
6557
2350
18
4984
1054
2026
3828
735
2708
611
7215
9977
7625
6936
882
9981
4346
4410
2845
3997
4112
5355
5921
1902
4982
2905
4395
3347
1102
7947
2834
3453
6156
1781
9662
6898
9575
6104
1282
6615
7789
7330
2908
9587
5958
1767
2570
9751
6298
6747
4860
753
4170
2316
6342
1088
811
6875
9127
2042
2571
7363
763
4947
7647
8125
1017
7321
6492
7691
9151
1672
2385
9465
6952
2581
9434
9958
3936
3643
7689
61
6828
8576
858
6031
5628
6604
207
3939
6417
8207
8303
285
1240
6186
7258
587
4746
9088
6544
7417
9822
9714
1498
7733
419
4323
2267
6920
9030
8394
2847
2651
7820
1484
6682
1379
2614
4053
5754
9691
8710
6582
1434
8143
9896
8952
6144
5986
16
6496
6605
4807
7800
5096
4256
7169
7658
4148
4438
1452
6068
8939
1357
8508
5067
3244
1564
4778
2988
8447
1363
472
6203
9610
7046
8250
2436
2647
2644
2327
9235
8567
7848
400
1392
3685
431
6870
9169
9670
3738
9862
8904
9919
4370
3130
7354
5695
6540
3210
8914
9050
8773
2318
2613
8551
2427
3499
9484
4888
2607
6276
6179
5842
4192
1945
2224
6172
4964
5553
5481
7307
5843
4756
9703
1210
5612
6127
7403
423
4530
5496
1098
2414
9389
9747
5984
2804
5938
3791
2824
9581
2749
3975
8405
1078
8539
5538
9037
2712
675
1770
6027
6495
2198
4730
3395
6472
1037
5017
4942
9721
9877
8888
584
6102
5160
3844
3046
4246
1153
4803
9698
4376
4481
6092
3883
1428
5199
9464
817
462
3367
2598
9269
6024
1647
6388
7608
8631
9947
6983
9729
600
7654
6834
41
2310
9431
7815
3523
2896
7731
5120
3259
1884
4344
3418
5348
5453
7978
333
5152
4105
7506
8482
7236
480
7504
1589
3034
4922
6946
5230
2058
847
7250
5119
9796
203
1935
9623
8156
7655
3658
8037
146
7739
6981
1738
5960
6940
5878
7185
1582
640
7323
3617
3522
7866
8017
1492
6130
7890
9438
263
5390
4220
9826
283
7835
116
2150
5219
4382
5697
2959
9014
2645
2266
4494
3301
1012
9956
2616
2167
4294
7559
6282
8979
9585
2203
3917
9755
9546
721
7796
5024
4196
2438
5205
6640
6488
2100
3170
9063
4940
6676
60
3335
8348
1508
9119
7702
4305
4301
420
7755
1200
3410
9041
6257
8429
4875
4497
3025
8726
804
9397
5854
8490
1936
1512
2677
3807
889
1771
6402
6843
9373
8192
6645
4876
7896
348
2308
6624
1774
3344
2086
9573
1665
661
5255
8498
2853
1297
9725
4058
9155
2062
4087
2465
9493
806
8992
2067
2888
6165
544
3986
4827
9156
3982
7760
1874
268
2354
2820
5488
4335
5369
495
7080
7823
9762
8809
6781
6935
8445
3417
5149
5052
8216
8829
2193
5126
139
5590
4257
4445
1717
4719
3345
3811
2596
1692
3121
7179
5980
8596
7750
796
5022
1606
1447
6857
6021
8725
5611
3123
9382
3899
1568
2627
4286
638
4527
8870
8588
7870
4863
9264
513
2335
4452
8908
2453
802
453
5660
6395
507
3388
2979
2389
1043
8982
5822
1809
5728
7289
8924
9791
6057
1741
4572
5374
3138
366
6560
1969
6322
3255
1500
6670
2041
3588
8790
5174
1903
8537
1140
7
6614
874
6325
2646
8252
4477
9229
3774
8535
3646
7833
6392
8440
8626
4898
8329
7410
5326
3327
9069
5564
5782
2136
2121
1337
3251
6865
7561
9562
8554
9829
8810
3389
412
7862
637
5976
9588
7336
1415
3691
9148
9961
5567
9380
6308
1482
4959
7071
3241
9655
4689
4229
7015
5659
2826
782
8510
3195
3709
1950
8172
5868
4250
2363
3062
1548
6082
2336
7326
1222
4784
112
4896
6253
8521
8811
9779
926
6913
5019
6823
6306
5224
3240
9054
2713
3783
7358
7616
5582
4357
9959
9035
7751
7364
7183
4522
1157
5518
9654
4147
1609
2399
4871
6735
1944
3173
9510
2842
6700
2430
6771
6435
8855
927
1654
2709
5732
655
4731
5368
4655
8333
6372
662
2668
2538
9719
3411
5636
6737
1759
9129
220
2152
3491
1089
9117
9674
1801
6892
1336
1523
3852
2822
5063
6686
3955
8548
3431
1170
9193
885
8476
9492
7950
7135
4854
6609
8746
3532
1395
8849
5779
6297
9085
5290
5969
5715
9336
5554
6283
7281
5640
682
2275
4403
2216
3004
1736
374
9440
3579
7030
253
7792
4293
3450
9986
3568
6194
6434
9246
616
4439
2000
6955
4167
2306
7463
1114
6330
6240
6071
2920
5122
8230
7907
7773
9375
6660
3987
8963
4012
8070
5840
6562
9706
6777
5312
6087
3001
2484
32
193
6351
1966
8609
980
4850
7404
5341
1948
5388
5940
388
3359
9740
117
6726
4253
8526
1239
3908
1091
8856
4642
6939
7111
7488
4480
5452
1438
5409
3325
2116
3631
3084
764
6198
5877
8006
3992
3564
1894
1499
5136
9700
6150
9626
666
3365
4924
3462
3176
1509
3447
5595
1897
552
4806
5676
4188
4429
8205
6878
2118
9360
3416
8488
8814
6491
8132
6026
7982
3404
5134
8907
9775
2554
4921
4993
4349
1051
2823
6569
8249
4938
574
1939
2686
9341
6883
2525
5064
6895
7143
6967
4953
7068
3352
2188
8949
2917
3590
7943
8758
2982
3626
4753
2090
6572
6947
8729
5586
6916
122
5708
2737
7931
8850
4802
6995
4844
2702
2586
5018
2691
169
9135
2989
1768
5525
3390
468
3722
2559
1784
526
693
2356
1528
2103
2869
8709
4810
7012
421
2632
3144
5444
1128
3233
1731
993
1190
5397
2699
9807
4907
1802
6559
1657
1710
6713
8562
361
1032
8109
6593
6925
1010
6522
3258
8817
9767
9138
5784
3557
9471
9519
9858
1086
3100
2016
953
7753
1249
2243
3954
6442
3880
5235
4181
4929
2786
4059
8196
9928
7387
7914
7062
2930
8395
2900
581
7619
9292
8275
3281
394
7288
5254
6227
688
8309
8318
1623
8664
7992
2184
7838
903
6084
8839
6007
4488
8240
9915
8040
1175
9962
2746
5929
3661
291
7803
389
6723
6489
9420
3334
2589
9760
8717
2921
9178
9376
7781
9639
5813
7001
8891
4841
1505
6154
7915
6934
1426
9523
8421
20
6810
6155
4290
5371
8657
8688
7120
5847
8592
668
7465
2225
3260
1195
5433
8544
1040
7657
6568
4413
9307
8594
2143
9768
7163
4208
7440
7158
4904
6525
5474
5066
8864
273
6100
8917
8346
7101
3903
9200
4812
1847
3
4965
9938
1408
4901
8246
2323
1745
8730
8970
6200
2168
9534
3586
4628
3149
547
4877
923
3169
8434
4542
7981
6973
8662
9345
6962
1371
6929
4891
26
456
3060
5272
1892
3922
5993
2999
9128
8464
5821
7243
3460
5637
1923
6711
7575
1324
3897
2063
7712
3668
440
8119
5679
1348
5476
4126
8642
2521
7221
4463
372
267
6712
454
163
5903
7322
4513
8869
5996
4177
292
8102
9224
3849
9021
9233
6141
9234
9666
6835
2274
2887
2752
3247
2230
5189
9635
2729
7264
6403
5982
6632
1411
1570
4739
405
4846
6954
5895
2154
1664
5552
8497
2980
6636
6508
1468
9203
6385
1882
7645
3948
8672
1356
2304
5034
8973
3887
7618
3286
5540
2197
9060
1995
5515
4498
5928
2219
729
7734
768
1384
274
6431
4559
9455
6611
512
6695
5410
8796
6072
7826
3354
3471
7382
2711
5511
3870
8868
9241
9759
9342
7604
7780
4615
511
8570
3139
2750
1465
3994
756
4551
2101
3014
7758
7391
5504
185
5477
9291
2533
2432
6534
7195
8610
6717
2991
3472
165
4745
8424
7590
3889
7140
8769
4432
3730
1216
6917
502
5360
422
247
983
2084
7093
1556
8251
7860
9404
1729
4400
9347
5776
2864
9550
958
7939
8381
2161
1263
4493
9899
5280
8331
3635
1449
1690
579
2747
5857
9112
915
1025
7527
7728
2622
177
3751
5155
692
5970
5318
5400
1883
549
8213
3134
6871
5631
7089
5535
436
3650
9352
9284
8152
2159
1329
3628
7097
2455
8058
4150
3672
9310
4659
2611
835
2754
917
3739
360
7640
7325
6454
6577
6957
2593
1476
4583
7579
1914
1118
5090
8191
3048
9528
2816
9567
6847
5260
8755
2994
8
3832
3542
7497
3812
670
830
7617
4532
6381
3728
4322
5810
4885
5812
928
1303
8344
9797
1604
740
3600
5498
5065
9159
4795
3907
8060
6956
7571
646
8516
2078
2687
9916
3436
3512
1608
5834
8574
2122
205
1145
355
9238
4009
3638
5338
7196
8787
8621
7381
8925
3789
5691
124
3113
8547
2443
7173
3641
7411
9676
6894
1977
6690
9741
704
1450
4460
4769
4676
429
9738
4824
2338
7273
8789
1961
7480
5950
9424
1562
8388
6977
1983
8217
3619
6047
5624
6258
1229
8197
9557
645
4641
5407
7119
2397
9152
2177
1970
5819
5248
5666
4728
1422
1451
2924
8902
7232
7280
9215
6833
1093
3799
3332
3498
7167
5087
7229
5253
8831
6874
8776
5124
1347
1699
5113
2883
6888
9018
3490
2202
2379
1824
4706
7795
8826
6485
6506
3594
2897
6547
6514
9043
2065
4134
8936
1920
3143
4681
4194
8785
7938
9111
4963
4288
7724
3615
1971
6673
311
8745
9537
5006
2459
9637
8221
2915
9470
2044
4168
2633
188
819
6471
7560
4928
6548
5736
7327
786
6584
591
2195
6728
3006
3293
380
432
6039
87
6974
4155
6291
4976
6044
6236
5080
5814
9522
4428
2028
3749
4265
6761
4350
9211
4487
3304
4787
5978
8159
206
4210
3755
1126
2009
5457
6112
2428
5037
316
5522
8766
8733
9855
7318
3299
6807
6511
1183
8364
9801
6003
5123
5165
9988
1807
1309
8777
2259
7450
2572
1857
9190
7511
4388
6286
6919
9191
6938
1837
6378
4415
7924
7479
977
7083
5773
7010
8265
9383
2077
5469
79
2960
9864
8957
4608
461
510
1112
3028
5040
8435
317
5127
4931
1573
4235
5905
4005
4171
1891
2374
8235
6876
1367
914
5321
2422
1013
9472
7816
4492
9087
2838
608
6570
3725
1901
8618
3721
7155
377
3477
6619
2296
6152
4592
9056
7949
8052
9034
5098
3045
1880
7901
866
4919
6211
4200
1615
1838
1633
1204
9093
5447
3309
1571
4276
7276
5635
7274
3209
1598
1619
3250
7869
8660
8041
8754
9631
9108
2608
8549
8204
1702
3808
9448
2017
6076
7248
5320
2796
1464
8138
8608
4107
6008
3009
2936
8463
3927
5432
2264
1632
3208
2489
8489
7977
8401
1813
9497
3714
3429
3916
7342
9329
7489
5688
1096
9322
892
6830
8896
7747
719
3480
7118
6235
4605
2488
6484
6412
7005
6355
1701
8473
8546
9101
6809
3592
5334
6358
3553
6531
8813
3580
9004
900
9795
7999
5353
5844
5824
3242
9833
7530
8223
4013
7349
7397
3857
7293
9090
8111
948
6504
7392
9019
359
4109
9891
3702
7670
1333
2623
9541
7353
4916
5696
8577
3591
2812
1198
1991
5177
5744
3767
7279
2913
7237
2591
5240
8404
4652
8774
2325
5216
901
7081
9857
6080
3517
7522
4892
6449
99
4616
8653
335
4075
4868
1761
8257
9231
5401
3315
3151
3543
2891
5408
9825
1911
4332
3446
2707
9953
4801
1316
8069
6393
7678
3571
2811
848
5133
9113
8944
3467
6157
5820
4129
1965
172
4764
459
2619
3612
4767
2543
5491
8590
2046
1273
9027
6849
9659
8720
52
4303
5845
2057
5015
9535
2885
6622
7766
4007
8120
3715
727
5955
2516
4419
9763
8051
3377
3099
8986
872
2975
6359
8114
9219
5242
7558
1704
7376
6662
9711
4754
8441
5544
4672
5346
303
9998
2741
5685
3016
7979
5070
9221
1122
3993
3421
8742
6528
6759
2954
6902
7806
3317
5556
1019
2330
7398
8121
6370
327
2662
5967
4249
8332
6069
2329
134
8680
17
8650
3278
6844
5487
4585
7972
1368
1530
2174
9198
6502
426
7707
7305
9279
2794
1402
9469
5381
7562
8568
4804
1193
9736
4870
6231
2115
8256
925
5593
3054
6391
1378
3298
1578
3633
9197
9267
7334
8349
9545
1481
5026
9083
4198
3761
9225
9733
6748
1256
1696
7696
8391
2825
5163
4914
47
5512
2477
8241
5533
5166
1173
4699
5168
8780
6599
433
2780
5677
1579
9086
4873
4101
4588
4199
143
5550
102
73
8043
1015
5489
1350
2867
154
8991
6445
2610
6980
3662
8614
451
857
9252
7708
5919
8517
7329
7517
2679
9371
2817
7667
9490
2117
8065
182
4369
4151
8629
6279
7834
3649
4781
3306
4430
3114
6212
3861
8224
7355
7812
8920
9076
6191
515
9491
3920
4563
1265
342
4277
5458
9378
236
1293
7516
5222
1172
1603
1978
1842
2977
4962
6921
7722
2862
4366
3800
791
530
3363
9450
4662
1026
6684
298
3375
2865
6329
2943
9401
4064
6821
3581
2146
6397
673
3155
2343
1300
4258
4701
4308
1097
6710
1479
6123
1896
6373
6724
3201
6942
578
9893
2171
8335
3971
2185
8259
8361
7152
929
8737
7544
6056
5233
6701
9867
1079
1963
7519
2494
1650
7744
2927
7017
293
4116
4709
8792
6953
8674
8357
1271
8416
4465
1536
2021
6465
5774
736
5480
6744
7580
1713
5367
5373
1158
7756
8684
2260
3980
9800
8407
3313
3097
4627
4284
9260
8689
7073
8589
8667
3282
569
9485
6030
3370
5328
2500
7849
4048
711
4519
1231
7587
3575
8260
5802
4905
3213
5501
2095
3465
5358
5044
8775
8134
8564
5473
7061
9504
7762
21
6595
2234
2369
1794
831
1459
5692
7935
1561
2877
9425
6374
2880
908
129
9645
1575
4216
5833
5270
6773
3492
2777
7525
8940
2227
4243
2829
7262
9216
1987
8385
4811
6792
9776
3919
7769
8801
9594
1100
3817
1649
546
3168
2391
1180
6017
2776
1583
1659
9427
3272
621
1949
10
6048
5602
9874
6914
2718
4954
39
7809
118
3320
3459
8267
631
9875
1669
8363
7133
6770
9210
3762
1138
6174
8096
3039
9461
6079
8262
3353
5485
5805
4123
2246
7079
1748
1641
2050
4809
4594
3393
1004
1192
9974
195
6566
4206
9948
6062
5600
8757
8525
4597
2508
214
9082
683
6077
4945
4534
972
4121
6469
75
1475
5848
5581
8410
9016
8411
8150
8000
9421
6448
9632
4955
9939
1148
2061
3599
2476
6413
5949
6110
5807
4254
7554
3452
1319
3779
3809
509
7726
1652
4437
2249
9388
6986
6022
654
2176
554
7228
7814
7356
4098
8270
4979
9532
3051
2157
4248
2850
8032
6601
1906
6256
8793
4427
1131
34
9188
4759
3793
883
8472
9834
3339
1800
2097
4918
4022
4485
1364
4720
2669
3673
8412
6125
4399
7884
4621
3836
3764
1697
3941
8542
1718
5502
8284
968
8312
7551
1471
6226
8448
4980
241
2393
9134
7976
2757
609
2289
6147
7843
774
9913
53
6538
9600
4785
2797
6366
2603
3341
7695
3570
2990
7853
676
5914
67
7764
7016
2120
147
2253
1443
447
1453
7799
731
2068
536
8210
8634
5159
9171
4405
3466
6122
8131
9062
6107
6444
8008
2858
5988
4878
9718
1755
9552
2875
8559
2473
4448
4643
2408
8426
6098
9286
650
4097
3853
5354
6006
3525
1804
6677
6481
2557
2736
1483
9501
1835
7402
3482
4095
9937
2791
1080
318
2001
7639
7821
6249
2364
7772
7567
5557
9695
898
7986
912
3167
9010
6099
3842
5319
8928
2685
5010
3153
605
3308
8451
2965
5674
7742
5111
4743
3232
9355
8345
2725
33
9486
6184
4549
2105
7145
7365
3311
3923
9917
9483
9701
80
1634
8387
5239
7272
9570
2872
152
5102
8177
6694
9024
1045
9028
812
9830
8236
4813
825
9968
6208
8110
387
4424
3740
4281
1377
752
1502
7690
1504
2663
8067
5641
138
9057
3914
1547
5437
7710
6825
6425
7408
5143
3448
3747
141
4289
4187
105
3795
2625
4991
3316
4862
63
5870
1224
8971
3775
8135
8842
8934
6025
1048
1496
2085
1526
2199
8706
4484
7894
690
8094
3324
7300
9299
2272
5372
6365
6989
3206
3330
368
197
4036
6460
1446
5622
1611
8860
4596
7115
4426
5718
1517
7533
4503
9604
4702
2447
2901
1489
1862
6220
3135
7026
6578
4515
920
7406
6328
3945
9816
5957
9638
5384
9849
9065
6182
7249
3408
9326
775
3930
6968
7361
7110
2690
6646
2806
4606
9359
582
6818
5055
84
347
4462
6635
2319
5116
4259
5154
548
2874
5365
9808
5785
8085
4686
258
3457
5662
2149
7576
3797
5924
6730
6705
8261
8392
2273
8386
9940
5014
998
4002
4538
8299
4539
3366
44
4591
2742
1673
9008
1326
2809
3385
7070
4309
8353
4262
5916
703
4089
7401
2536
7044
8409
629
3934
3682
9494
4306
1248
6382
110
3346
221
2828
8929
6987
7971
6225
8101
8583
706
171
1236
7040
8652
3989
8808
2519
5764
9592
7331
3164
2431
3514
5953
4972
2010
5865
2615
9967
8961
4278
5571
8765
7028
4852
7366
264
3081
4450
3752
3374
2912
1610
2075
1047
5521
5225
1254
9132
9892
6790
466
6149
6999
1430
8227
9332
1558
2301
1618
2781
4247
8208
2201
950
8649
5747
9048
1279
7720
7451
5211
716
3031
1159
9473
3915
971
1886
9658
7840
8913
5823
9348
937
7603
7443
9555
6880
8439
625
3420
7346
999
4145
2175
92
9809
1527
5
8645
7944
4847
391
9205
8715
5990
149
8478
9502
3030
6264
9515
1996
1975
7069
2487
2345
7539
25
2390
5035
1834
5880
6783
7122
1680
7233
9878
6005
695
4546
6097
9327
8819
7578
4385
5197
6169
7285
1307
3305
7275
1074
8865
325
1930
1431
7492
9984
7665
3565
4245
6653
8278
4136
6032
2547
8998
1982
5686
434
3877
8225
9276
8500
5856
9435
7203
2724
1780
1325
3716
7078
573
4093
9005
9328
5247
8965
4865
3185
7528
6811
3289
1262
7704
2618
6675
6126
4614
1063
8768
4479
9923
3119
5330
9107
8245
1473
5180
1873
8558
2433
6376
677
304
7390
1909
788
4244
7656
9969
7775
9686
1404
8806
413
5548
8268
5642
9509
4280
4340
9983
7566
6332
1286
2544
7536
4240
9576
8458
8744
4895
9702
2577
7225
3772
3405
4020
3694
4272
6229
7552
9116
7422
6086
9075
5778
1167
9992
5259
685
8550
3845
3756
7711
7014
7779
3024
2568
3607
8165
9208
5881
9357
8255
3080
6524
2283
2509
5555
9072
1066
6765
3277
2183
699
4682
4968
7980
70
8190
7436
4598
5923
1294
2107
2599
8966
416
7847
8380
2418
3150
4461
4988
1888
951
1386
4864
5664
2130
3061
2884
5765
1845
9114
8566
7685
8555
5441
1094
2666
7290
5694
7466
594
9619
9622
1380
9766
7926
5638
3677
7127
7698
2517
3794
6093
2604
7214
757
4557
4845
9542
4347
6014
6352
8840
5324
604
6988
3145
2870
9707
1540
446
5212
9680
9869
180
4034
5421
1029
5471
5584
7000
3604
3819
8082
1656
3091
4441
8791
9343
238
5483
5932
2769
6103
3770
7050
8273
5423
2841
9496
7306
4541
1211
6985
9071
7103
9398
8641
7009
2953
3810
707
1218
9650
9098
2785
4763
8330
7841
3361
7472
4137
5416
5394
410
8786
1648
5989
6779
6513
5534
9449
2984
4421
4996
2134
4705
1205
1184
6500
1858
5965
751
6498
8600
343
2293
1439
8059
1555
8627
5088
5404
463
541
4025
8466
6516
7881
9657
3497
1409
3011
3961
8239
2643
8144
8068
1105
2907
1667
1895
8379
2733
4917
4191
7132
4504
1826
6443
3284
8072
1046
7629
3822
2904
2537
9569
46
8086
739
780
4958
497
2386
3932
9742
418
8659
3622
487
5806
8582
9387
1893
3003
464
9315
9184
2600
3378
7130
2322
7637
208
8028
506
5913
2413
7962
8835
5751
3625
2035
35
3055
8244
1127
2634
3616
5791
1926
4205
3087
6216
5023
2124
924
7505
7421
1953
5985
3539
369
7072
1171
15
5454
2882
19
6470
4055
8685
523
2454
5561
5758
5910
6752
2141
114
5301
8705
1345
1455
4368
5702
2029
457
3445
2792
5566
3397
5792
5614
7202
1427
1435
4974
3044
8528
626
7874
4665
363
4255
3261
5724
6503
7468
4654
5379
635
5478
8797
8427
6762
5376
2250
2298
8620
6389
6090
8091
748
6982
2743
9081
7107
4570
9694
799
4068
5790
3197
9583
6610
996
3256
3056
5975
8168
9370
230
8126
5701
5801
1533
3023
4066
6803
3107
6114
2772
954
9149
4721
2411
8042
9261
9850
4044
3329
5537
5350
862
9451
7448
1369
2778
8783
5221
9414
9692
3639
5530
8670
6827
2441
9524
4855
8507
9314
4311
1121
8271
28
2550
3805
1266
2237
6436
7675
5811
7002
3839
6772
827
8454
7362
9226
7514
836
5562
8108
2922
8623
8188
8794
2714
3455
8598
3142
9788
3019
5926
9906
3582
2458
3437
7802
746
90
1980
4298
1160
6124
3426
3671
9885
2928
2485
2978
1290
7715
7292
6288
4127
2346
9036
2187
7693
5084
3296
1812
8632
7090
6269
992
8483
2043
5431
473
232
6688
9584
1889
7740
4684
448
1851
3864
212
7458
4553
3475
6421
1861
5981
1341
9649
2326
8611
6415
3166
9854
4558
8176
6742
9059
2671
5607
865
6001
1358
500
7765
4552
9255
7960
6785
4131
9672
307
5257
8045
2313
5565
6687
1418
3333
6672
8591
7946
809
3013
3356
4999
6138
959
7170
6536
8014
5331
5188
9309
4242
5670
9865
5909
7360
5853
8298
4526
6327
4981
2562
1237
356
8023
6175
2461
6035
820
842
5578
2024
2226
9066
4387
9040
770
9965
7123
2320
5293
7419
2958
164
4040
4695
4161
7054
2416
4975
2745
6223
6732
5411
1904
6315
5717
2258
7207
7798
5918
6244
9980
9232
4694
3400
7683
6890
9513
9683
2114
7817
3184
8533
8699
6347
6933
3073
2957
4512
7644
8624
442
7970
2474
8892
3371
3273
8148
7509
3535
5008
8093
9212
3116
3787
3840
1557
4449
7399
4726
7883
4354
7108
5583
1469
499
9078
8978
7235
2735
7804
9237
6217
2698
2119
5576
9123
3381
5095
9715
3547
1253
5613
9460
7646
430
7648
9641
3757
8654
3893
6993
5867
2481
4165
3602
7315
5693
7004
1062
151
6545
2873
9887
2483
1743
5252
2328
5448
8214
6441
8328
4548
7674
6447
7627
3984
1423
5818
8174
1511
3780
3802
2721
9895
8352
8581
2251
1152
1591
1625
7508
4149
2899
6816
7252
7407
3103
1733
2563
8307
4715
1967
5389
9410
7542
4451
7641
9293
1976
5726
8491
1549
7832
8431
3494
3496
1622
1805
9046
4233
7486
9458
9903
4688
8878
8046
5698
4315
6745
7994
4379
2448
1317
4172
7572
3266
2381
3409
7148
9182
5549
8457
4499
5539
9518
4021
3470
642
6357
7563
880
2964
2344
723
798
987
564
1522
922
1534
9758
3841
9920
8100
4114
5144
8005
62
7771
1022
9422
4217
3518
93
4956
8915
7785
6128
455
5543
4579
4236
2635
5226
5383
7121
7251
4944
242
2370
7515
8601
4866
3686
6132
5011
5243
2863
3556
9192
8997
681
1519
9325
2576
5911
3657
7186
5804
1044
9441
3092
9453
9577
9025
7396
8020
2688
3396
8415
4319
5704
1405
3831
9029
9612
9979
9512
9220
8199
344
6797
8741
9699
6911
5777
5827
5667
7125
2106
57
6796
196
3859
3790
8613
4017
6963
7085
4436
7467
3376
2680
9773
5342
776
5756
1454
339
9488
725
4656
3415
1143
127
738
1320
3074
5625
2495
449
493
3538
8531
9317
319
6467
2969
6133
9367
3846
3798
1864
8315
5899
2214
4106
617
4685
9282
244
94
2995
4033
1758
9017
3464
1033
5311
5948
3449
3689
8749
8089
1056
6478
8640
3718
445
1335
6520
1636
8004
6776
3970
4019
1621
5202
1514
7776
1139
5427
4406
7226
821
9517
8887
4851
4031
1584
6543
7424
6307
5797
2163
7459
4734
1018
6063
7531
9340
4887
9551
8104
5249
2302
3713
4275
2535
4533
3224
9176
4313
8968
1818
1734
2775
3249
7672
1398
9157
4649
5428
6091
6219
7091
7431
5237
2968
6591
3077
9230
167
9628
3182
7475
6571
2755
4211
2066
4667
2383
1932
9419
8527
7008
3037
2889
8232
9298
2496
3424
2938
217
6473
3205
119
2801
9828
525
2478
7165
7309
8010
8442
3136
2947
78
1776
4565
8636
8319
4042
4386
5532
9115
8034
8062
1424
9571
6066
3634
6596
3867
5078
1700
6746
6190
7018
4003
8619
3042
9781
1188
4556
9409
5763
4859
7754
8228
5352
7395
7476
1960
974
9677
3358
402
9372
3223
7347
3057
9084
4664
5699
6115
7373
341
3912
1938
3536
7736
1412
3890
1201
3801
9840
3530
1209
7839
3338
1787
8423
233
4383
4103
6287
6839
8700
2638
4966
2031
7039
8219
2462
2292
5875
190
6205
7474
156
6085
8452
3674
7932
6252
6387
8926
2153
9189
4677
4215
3902
8310
3527
7025
4389
845
7192
5500
9661
302
5526
8238
6221
8686
8763
8301
2524
5800
5596
371
8124
8702
566
8985
5609
1910
6997
4604
8927
3969
9918
9183
7265
2347
9669
4678
5755
1642
6168
3012
2113
3090
9259
8612
9022
9608
4207
9996
7621
6984
3379
4985
5634
4561
7095
4650
2263
2515
2321
8747
5081
4328
4990
8711
503
5886
760
1720
3666
9564
4320
1207
1992
6764
1908
9319
563
5864
5351
6906
5883
2392
9391
1872
2810
3804
1288
5889
5835
8242
406
1998
6553
3189
5378
8340
2719
1429
8286
3252
3655
1137
571
4325
6910
8066
6887
6739
4104
3868
3911
8218
8882
3027
944
9412
3111
8919
8406
1338
779
4214
6549
8678
2580
465
3577
7906
9846
1513
4782
8921
3515
9379
3833
5653
4601
5714
72
3474
9223
2277
265
6555
1822
940
5979
6867
3348
3104
9131
6043
450
5462
8524
7857
6346
4535
7454
3773
8297
7114
8514
5727
1543
3088
5761
8187
8731
4690
9914
2624
6345
4264
4061
2156
5049
9385
2137
8658
9737
9312
1269
636
4723
2492
7499
5619
3458
3268
5083
5112
5915
2490
2340
4663
3698
834
1477
8643
7496
4356
5760
1942
7757
251
3017
3106
652
9912
981
96
6018
1912
9652
4790
8314
8360
1073
8222
8959
240
543
8977
2553
1177
9079
1440
7157
5192
4946
1900
3331
5971
9689
5908
2387
9678
4222
508
1541
5769
9240
840
8854
3267
6554
7725
3978
4213
6564
5815
9243
1199
373
2359
1494
9239
4160
6872
7829
7719
8027
329
9835
519
7134
396
607
3456
7213
5183
6586
5574
7967
234
5377
9289
8390
849
7208
3506
91
2910
9181
7749
5299
6518
667
9012
7592
1815
8338
2371
1620
9792
1238
1863
2210
9173
5139
9097
5276
1689
4111
2182
1235
3021
6948
3505
1662
2410
8055
1196
5766
5004
7405
5251
6639
1524
9482
8804
6791
415
8655
12
4915
5435
392
3940
1041
1865
4267
5729
1885
8800
1707
4995
984
3750
175
7922
8266
4471
2701
4555
8306
5901
8760
1217
4697
5683
2937
795
5395
5831
4669
8873
7357
2111
2790
6055
7957
1124
2070
3095
2220
899
7147
2773
7790
4162
3444
633
1134
5558
8377
3303
8607
726
6192
8399
5621
761
2868
8784
5884
6734
239
3995
8538
8669
6486
7076
5750
6592
1525
3500
7923
4943
9218
622
437
4455
9498
8541
7142
5001
4099
7303
4212
8281
2056
5275
8322
6840
4624
6193
6310
2859
1788
8728
6812
4443
6323
1493
4358
1362
9053
5129
7033
1312
800
4629
6453
7255
1831
7340
2231
1693
4070
9150
9813
5508
6802
9428
6720
4631
9506
3663
9015
491
3708
8351
5575
2696
2079
5403
4176
5009
8781
3217
3651
6410
6088
8846
1203
9258
3781
9823
3098
9044
9908
2368
4469
7570
1753
5588
331
2703
5007
6268
2018
7295
1875
7555
4092
6754
4359
8890
3860
2334
4074
6585
8057
9723
490
2223
2033
3221
6034
1432
9852
7778
4274
2217
6061
2082
1816
4698
9447
2998
2689
6053
2626
1764
9745
2467
8189
4881
2832
5296
9653
3082
8597
7787
1232
5440
4902
8975
7124
3690
4912
3079
3700
3441
9952
2546
9468
9932
9268
6631
4853
6801
718
7788
4396
4353
2946
3438
8703
2269
1709
9690
4324
9207
2355
8233
3146
785
3609
2658
5036
9668
5630
1243
2569
2
9921
1206
5757
8039
9042
9394
5361
7969
1725
8540
5503
123
6206
1327
4636
7453
77
5415
6637
3856
6250
7831
7198
9995
1213
6285
8857
8151
3573
3603
8071
6314
5045
4680
5579
7144
6979
7117
310
1538
106
8853
131
3419
565
1617
5759
7066
5920
2584
8501
8889
1624
8425
1084
2052
6230
142
9646
1163
3131
5303
7801
8779
8279
9667
2129
4006
5241
4038
9047
2929
9106
7594
7245
2774
2081
7535
3428
747
5263
7549
7498
7700
3322
3276
702
5517
3623
7437
3991
2987
1259
5135
2678
4637
976
1003
2531
7266
5722
2748
1852
4179
2074
9187
1016
8054
6671
8630
4237
323
4185
3124
9927
2305
7652
1082
6651
6106
5775
5939
6658
3275
6733
5712
2637
1463
9306
3818
2348
2527
8202
5337
1905
49
7146
4545
4152
5559
7345
1485
1595
3960
8302
8519
2648
9611
3988
8694
2892
6228
5322
5527
9868
7856
8647
297
613
8693
7308
828
4590
2766
9731
6348
9051
6550
5420
6950
5339
7457
6344
5866
6318
964
2415
5546
8909
877
7432
1101
9910
5735
249
1311
4890
5656
2341
3430
7013
7023
3263
5399
596
851
8495
3307
4671
6037
1535
663
8167
6407
6073
2309
2013
991
2548
7385
9620
9125
1179
3699
2127
7029
797
8024
3349
6464
7543
7615
4412
3369
1726
5788
3741
878
2254
9950
5430
6173
522
762
4047
3729
8584
9351
471
299
9094
2396
643
4837
6474
754
4633
6396
783
7877
4833
2151
9443
9787
6813
5615
8289
8553
3274
1061
3398
1698
9851
1194
4619
2192
3629
4823
9832
3504
3823
1323
1898
8384
2545
1125
8721
9102
7597
326
6922
7681
2437
3696
8955
2541
4422
1278
2814
2303
805
2255
5733
4899
7837
162
6312
6202
2407
5900
7210
3291
7485
9810
4135
4835
3869
4378
9845
38
2894
6659
1590
5085
6432
7577
9890
8231
4355
694
4352
5245
4394
2906
7337
8770
9204
3199
3222
6998
5902
3295
8719
3541
5885
120
5618
8433
7933
7546
6766
9565
2833
1457
4950
3094
8226
2170
3935
6663
3724
2375
271
7094
5945
2925
2053
6551
6117
5992
9717
8599
6161
6869
3913
9411
9073
1797
6648
3300
2333
4158
2236
126
6580
7661
7449
7855
8723
128
3432
3555
8946
8237
7022
7188
8142
6978
3760
1587
8950
6105
9163
3355
4209
6353
9673
6371
1839
7301
7581
6180
8341
4909
9000
7244
9165
5719
3193
7335
1810
1825
2609
2504
2409
9708
6859
8009
5890
3785
3340
9602
1550
6877
1503
2881
4023
9836
5505
3855
557
7677
7067
9457
2657
4772
2048
3652
3402
8007
2178
9369
398
3996
7526
8083
9578
386
9520
496
9395
5460
3271
9334
9353
6458
1954
8824
7128
4700
904
3684
8080
6038
1365
2830
4843
5716
5256
6477
4897
1917
5047
3660
9556
3364
9931
5675
6691
9821
9363
9095
6295
534
2181
8958
6369
634
9926
7920
1951
2732
1308
9474
6045
592
7649
4961
7836
3531
4828
550
9752
31
2377
1820
9599
8520
4146
7092
200
5118
7651
3058
7297
4829
2229
1244
1877
7659
6926
4957
1302
3383
9514
8867
2382
4660
2640
792
7338
4986
231
7126
9930
4805
618
5529
3950
8092
2361
2840
5594
6183
351
3888
3537
6380
6364
4998
8118
8408
7441
1166
266
6689
5145
7810
8084
6384
1727
4617
5103
2585
5682
5151
3000
7036
533
4776
7223
881
7047
4906
9478
6383
9356
1577
3253
5101
1703
2060
6837
5349
3174
4056
7929
8300
8050
9300
4971
7631
8622
301
864
7997
9586
3813
27
1756
8933
2148
577
7283
3310
4120
2933
3742
2147
4638
4232
1616
8821
9236
7598
3784
1997
5297
8571
9831
7172
4078
3204
793
1879
2916
4331
3036
985
5723
8532
3645
2279
5156
8169
9750
1164
3071
6218
1385
717
5876
3435
9856
82
6763
5158
3837
1793
5700
1030
4933
2059
3637
2819
6527
9665
4279
648
6273
5681
1264
2055
3720
8646
1497
8021
3743
6321
8545
280
2565
4032
6337
1510
818
4708
2402
1005
9879
7974
5547
8456
1480
1111
4502
6590
2051
5897
4026
1223
9765
3216
7893
5952
4342
816
1351
3910
8185
1779
5382
6162
2510
833
3878
6292
166
1104
4880
7727
5808
2442
4282
9009
1964
9543
2222
1058
6452
2860
7379
183
4867
6699
8764
83
4079
2482
5783
7386
517
9866
2652
1353
9873
5077
9143
4175
7858
4691
850
7464
9444
6643
7701
6654
1156
6317
7510
8480
1653
1296
6111
2233
4798
9158
6301
5105
3175
6439
504
7550
3020
5363
6379
3070
4483
1529
9164
7729
698
5261
6065
3226
8974
8848
2221
9521
8984
6140
9859
715
3567
2974
5229
9704
8012
9140
3211
5025
7878
921
8675
9634
5839
2976
5826
3726
9861
7687
575
9452
8414
7673
2573
7706
8347
9603
7861
7686
3270
7100
5291
6851
9418
4085
1234
1628
5858
1155
3548
3463
3246
9774
9100
488
1006
5616
7589
6135
9739
3956
1291
568
8417
9249
1674
4057
9799
7343
6829
5405
6278
3406
9609
9549
6681
5061
86
9408
781
9489
3847
3487
1655
1778
5961
1070
7630
7106
161
8194
383
4657
3392
125
7653
7216
2353
6628
7965
712
743
2739
4496
1149
8668
2486
9067
9463
8832
4375
3202
4717
9278
5917
5357
7316
4599
1277
3596
5375
1876
4857
3895
9416
784
9529
1115
476
8820
5215
4466
4224
8295
6224
2844
1189
2723
6931
787
2837
4442
1602
6966
6780
5426
1400
1052
4046
2339
4122
6067
679
8573
306
6343
5181
7129
3520
556
1501
4886
7034
346
9894
2083
978
1576
6588
9574
9536
9929
6861
5106
8325
4952
4304
918
5314
5385
9110
9605
9544
6266
5031
56
5089
9144
826
1924
6356
1832
9902
3967
6641
2256
2425
5922
8683
290
8291
8149
1627
7784
2661
2469
9301
1563
9900
3526
7149
5069
7059
4067
2196
4518
9566
4296
5793
7636
5646
6576
5278
1219
5418
9802
5767
9533
7777
8383
7791
3343
8648
1593
6927
6148
8038
1716
2452
931
9285
6004
340
9793
8356
260
8026
8900
5524
6101
5536
6698
7136
4564
1036
6232
9247
8499
4992
7400
7545
3759
5852
3337
68
8123
8964
9439
9141
1916
289
6975
4521
2133
9393
6608
9582
5046
9710
4470
4755
8141
5798
7956
9897
8369
9949
966
6512
1133
9199
9734
2802
5706
1295
585
7137
583
8153
9527
6437
5413
1600
6769
8953
3933
5906
1685
934
5650
3613
3357
277
8617
9613
3469
4269
5994
8099
5032
2549
6530
3502
9459
9944
9091
7319
5495
1705
4648
1355
3614
4062
9505
6649
3086
3962
856
1823
8798
3606
4848
5041
3372
1681
942
561
6075
9031
5587
2734
1306
7328
2722
2423
8280
6600
8139
7752
8166
157
6612
8461
7845
4696
7573
5445
1537
1214
1151
2835
9092
2700
2420
3283
9554
3928
2102
4536
5743
9811
5598
9933
8248
2360
7854
1979
644
5479
4173
3269
6163
7721
5173
5577
8359
4722
9538
8886
1064
2005
4425
6971
3478
6644
5029
9323
408
427
1059
2911
8830
8146
3350
2290
189
9982
8677
1257
7623
1038
2189
3513
3059
4543
4299
9889
3816
6778
1394
501
2779
5446
1413
3032
741
7828
3858
7844
4132
2257
700
8515
2740
1425
6901
2932
4770
7642
5068
6185
3183
2715
3624
997
8587
516
7063
3630
6630
4839
2507
3576
2642
6320
8496
8485
2582
8665
6885
7928
8586
4653
8615
4576
4204
4937
9316
5108
597
3830
9277
2036
2034
3706
4923
9038
2670
8778
7139
5720
6709
8375
4500
5109
6620
100
1686
6019
4140
7774
4365
7031
7332
6319
4692
5655
4318
5872
8178
6446
8504
3156
9794
8154
2940
988
8022
2813
121
3384
2767
8113
2109
3314
7182
2879
7428
7304
133
8122
7433
2398
3008
2315
9860
5286
1613
7904
3218
5997
4818
3979
7138
1339
3973
5771
9722
1828
2140
6271
9748
4133
5289
2871
5333
8370
6248
5963
7930
5218
4027
2846
2049
4408
1090
3219
8994
2617
9842
8724
89
1803
328
3688
5323
1719
3279
6420
9475
7055
4501
5128
1474
7199
4710
6009
4796
758
4268
4623
5617
7287
7699
8885
1023
4128
5167
7041
7985
5179
7735
443
9881
9049
6674
3985
590
2072
1000
6419
9055
6368
9643
895
3186
5689
3589
8397
6049
9815
7633
2567
6242
7694
9601
4506
8695
4414
8712
1318
5828
8290
5329
9263
630
1694
315
4613
7968
1354
7088
3394
6784
5053
7548
9684
8484
5362
4797
9651
9330
3965
2720
3734
7455
3351
7705
1226
1161
4666
1301
6932
8133
1866
627
1135
9294
6134
1918
7680
9572
2529
659
8215
7565
6338
868
3237
6561
6083
1941
4440
2656
5977
3440
4157
1999
8923
9997
6838
7887
4693
3872
4001
2605
1569
7057
3717
5603
5391
3610
7481
5043
9253
4363
6945
2094
1397
6789
1383
6842
8097
801
7388
9349
3287
4384
9109
5486
362
7676
2692
5888
5013
1544
5523
3336
1361
3528
2514
1554
7591
745
2945
8736
9337
8805
7807
5974
4317
2808
7270
5605
5267
2935
5879
2351
6879
6131
9324
1855
8460
9077
6213
4307
6094
963
9287
4872
1028
5725
970
6575
8605
4554
3753
5937
9275
1706
906
3203
7160
789
7372
6166
7952
4029
8759
2649
4838
4189
357
3669
5648
3414
37
3697
5071
9596
160
9402
8140
7219
9824
8269
9213
4861
1304
4124
7502
1581
8443
6756
8378
414
2710
8112
8293
9180
8327
7521
9283
7759
7075
2923
5742
9770
1381
6294
1334
7038
4348
3834
7921
8362
1957
7286
2104
227
9318
1775
8186
1186
4467
5604
3824
6284
6703
3220
2190
790
1711
3391
7936
5748
2890
109
8884
870
5048
6707
3083
1176
8633
822
4182
5467
2014
9798
4758
8462
7805
2294
8317
894
2446
8530
1574
6078
8450
6617
6529
7507
3670
5217
1985
1067
8137
8003
742
1049
3026
6210
9254
6137
803
9671
1724
2950
588
2962
2314
3900
1284
9909
1275
6000
6860
2706
887
4446
2020
3744
2986
2852
1315
777
4190
3288
9675
1532
8505
3560
3227
6961
6565
3180
1539
4970
3229
5873
9778
3947
5837
6541
3862
8671
6119
1675
7271
9195
2405
8740
2528
7942
1382
7011
2145
691
4894
276
8087
9080
9358
9174
8833
593
1830
612
3157
7452
3653
624
6414
1491
64
6567
5209
1869
7296
7260
8697
943
9614
8922
3161
1245
3736
7116
1518
9201
3362
8714
9142
2768
8628
8716
7885
4714
7471
2240
9266
3005
8481
7663
1267
7217
982
1708
4178
1144
1035
7688
3108
1959
3931
4771
2265
595
1679
6501
5627
2629
184
8180
4525
7919
1766
807
9772
6243
4949
5269
9228
5434
5325
7150
9124
3053
7320
7019
5510
6054
8937
395
4632
9973
6800
9426
2172
6642
6493
354
9177
6401
8748
9002
1287
3442
6237
9099
5171
9761
3067
2032
5310
8762
4141
3040
9696
7238
9560
4473
7611
9749
7413
7987
1272
5687
215
4584
4468
2594
2799
3892
2552
5898
6886
8074
4223
562
4234
4077
439
8283
3401
5327
6912
9429
3486
7585
9096
1113
191
4351
3132
8836
6316
5991
6158
5227
1117
9530
6440
2836
7314
5193
875
2673
6042
5855
4041
1441
8956
5273
9302
22
5930
9839
4670
7227
6949
8522
2128
1962
8316
4372
7662
4600
6081
6853
1850
8326
7716
3710
8735
8053
5968
2501
4393
2628
1786
5110
6309
843
2138
8294
2660
2331
6012
9531
4856
965
1785
3162
5298
1420
4072
5672
672
1607
4978
5780
7959
5076
1486
5589
4183
6331
8206
6904
1343
1925
174
7374
7925
1545
9384
7482
5412
9202
3981
9288
5282
4273
7099
9433
7378
3181
8073
614
6350
7819
8718
8492
3998
4084
527
4391
1374
9746
5429
2038
7650
5731
916
1754
9185
5871
3874
2027
8976
5075
3022
7830
36
955
5419
9882
8529
8107
5832
891
3737
9720
6607
8732
3043
6020
11
5887
3558
7547
4037
4960
4373
7626
1076
4271
8444
5187
334
2855
5734
6507
1009
6758
2158
873
4658
3676
5039
9417
628
5995
2499
3675
8983
2672
5894
5597
40
4159
1146
8420
5472
1757
6463
1723
5402
4345
9139
2854
1687
3443
3632
9946
250
3901
7299
5741
8320
9633
4786
1808
2180
4738
3484
262
4825
4456
601
7086
2429
482
2475
2466
115
8106
6719
9454
43
7230
599
245
3360
3399
3627
1403
853
3064
7154
572
3015
767
1087
6267
6482
6405
4509
7770
4893
9838
1141
8477
5195
1829
7317
846
2235
4239
886
2022
7377
6427
7628
8859
4874
8560
1292
2856
1460
7634
1817
6462
9780
952
173
5147
3122
7529
967
2491
1913
2843
2941
1299
8287
8635
1605
7872
2764
2970
5972
8365
5632
2166
2653
1393
1722
2967
6430
814
5592
2575
2194
6753
2023
9558
108
9951
6618
6519
5012
1261
9697
9526
1677
6480
6634
8077
5406
8513
6013
9350
4088
1020
8673
2590
4139
1387
5599
288
2449
4819
9377
1651
8323
3659
5891
9615
9756
1366
7384
474
1490
48
2795
9105
1760
3578
6725
4316
3035
3524
2971
6702
1154
8782
1881
3731
4453
7537
4142
9771
6246
3018
3454
3769
896
1870
3115
66
8175
7951
4080
5998
603
411
4528
6416
4113
3865
5869
2919
8403
5082
4788
483
3905
4574
1150
279
4285
623
4380
7718
3089
113
2523
8200
9853
744
202
2558
358
1546
3503
4143
639
3990
678
98
2659
9413
6475
9817
8536
6598
4086
417
2827
8585
5279
4799
9597
5345
6254
6280
1123
9693
5336
1601
8701
5313
2939
5943
97
9248
766
1958
1466
8031
2587
7852
841
8663
7371
2468
4043
5264
1260
3925
8173
4849
5451
2165
5194
3664
2693
3776
8575
6204
5762
1956
4821
6406
7964
2002
2730
2650
3766
4073
2676
228
3999
3946
7191
9595
6239
7501
9166
1859
1242
7166
2621
9547
5308
4457
4390
3882
3976
201
8707
3075
3866
9709
8883
8561
481
969
7435
6215
3648
3601
7409
2942
2080
6336
6587
4090
9883
6275
4202
3765
5673
9339
7020
6120
1185
9032
246
3236
3972
7456
3165
3127
6255
7879
8455
3886
9943
8402
6118
1594
1777
6972
8897
4490
2352
2926
7425
4989
4611
7596
657
4925
5422
8184
7344
3200
3958
4377
9579
336
5294
5738
9297
1252
9500
5541
2756
8465
4180
4707
8572
2530
4612
5956
8324
4840
6943
3521
5449
5497
7850
656
4039
7469
9170
8579
5250
9130
3806
8371
1695
7246
5169
7614
5644
5494
8807
7383
4050
69
4537
946
4603
2771
8030
5711
2665
2291
4283
3705
4822
3551
7423
2612
8822
3207
1599
8342
6805
8285
1106
2099
1410
5104
144
6052
7369
4096
6461
8061
281
8871
2098
6171
610
5633
1592
861
4774
6602
3413
282
3190
2004
5863
3126
7975
6819
7917
4573
6787
1712
2412
7745
2931
5781
7927
7864
3968
2282
0
6418
8334
4939
8708
3066
8690
2400
6129
6669
5721
5931
1742
7444
911
9636
4969
7876
435
2578
6873
7813
7064
5542
7888
7420
2324
6881
3140
3318
3403
2566
2276
3038
5966
312
7606
9311
4752
3656
4118
2295
2207
6377
2287
7948
7612
8276
2030
957
6400
6234
5028
6196
2694
4927
9848
6692
1014
1899
4138
6542
3875
6685
8258
6798
671
4967
4760
9819
4125
6583
7370
7697
6937
6533
8078
6535
300
6143
3871
6411
2464
3550
9548
1922
458
6629
973
1990
7151
6398
9975
4297
4814
2238
3191
7732
8493
7886
7684
6247
5208
5207
4302
7339
2421
6815
7060
9777
9303
5651
2996
1247
9280
1417
2518
893
5654
2955
7600
8761
3148
8272
2784
330
8616
4674
7174
5058
5185
8116
287
8967
7077
2798
4883
3508
2244
272
3285
5442
155
2560
687
194
4184
1682
8911
6655
3133
9499
1841
5680
8803
888
5414
5366
1281
107
3110
1129
3292
860
5387
4716
9559
3485
4645
375
5146
4761
1915
3141
4362
8661
1691
7105
7892
8393
2135
4733
5934
3763
3137
4869
5132
1399
1986
3041
6824
7045
4575
1268
8862
6046
7473
4108
5572
8704
1283
8001
3680
7873
5933
4882
5234
5904
6404
2268
7006
2173
3678
7875
4768
4011
5281
2788
9508
8147
6095
3076
4407
1215
219
222
8337
8036
1119
6718
2765
2439
5513
7786
2071
6606
2800
2758
4321
8569
4418
6959
1790
7211
7438
4330
9364
6159
5302
8396
1373
619
6889
237
6751
1814
6722
2728
7983
6855
7418
1762
4241
6041
8292
8229
5062
1521
243
5198
4472
3047
5287
9160
8903
6251
1715
6757
338
8825
4987
6428
9606
7098
3701
5709
7824
382
7898
3711
4718
8899
170
1060
5846
2073
8916
8834
5519
6116
5836
5464
813
6846
8938
4404
4531
1747
2357
3163
6040
1389
4762
9436
8722
4203
9146
9167
5203
3493
1031
1228
2555
6187
3754
5506
3380
5340
6656
5054
9126
407
8264
9368
8935
2228
7277
3921
4566
1515
4742
6390
8475
6976
8828
651
3595
3177
1806
4409
8980
5482
1313
6664
305
6178
8436
1346
7602
5959
602
2299
8837
4879
7503
4647
6767
3937
401
6668
9660
2731
1763
3387
6727
9757
8743
9121
8438
168
6704
3620
7087
1462
3510
5231
5882
8863
6696
5059
3574
6994
8063
8502
6845
5896
1849
5176
759
3843
5962
7867
6633
2047
7175
332
5150
4260
5107
3425
2513
1907
8960
6277
7895
4464
5100
9618
9935
5465
5182
5332
8468
4016
1081
7439
8847
1795
8155
5874
6750
6515
4842
4416
1811
6652
8753
8932
1552
3665
8277
669
6324
3712
5186
4562
2440
9732
4569
6539
7263
6856
8471
7035
9806
7868
252
2948
1258
4052
6627
3290
6900
5569
284
1103
5288
6537
181
4367
9196
9617
936
4935
3621
5016
7713
2674
485
589
1227
4744
370
5315
1848
8171
3608
7908
4766
7541
8823
9593
9001
9133
2760
7351
3254
6941
7161
907
5266
9888
8136
224
9730
2297
381
4201
6146
5005
2284
6245
2857
4808
5456
7024
2753
3681
1132
9392
7748
4586
2003
7523
3679
8941
8556
176
7261
9803
2286
2366
5162
3695
4932
270
9335
469
5246
6969
6558
9753
559
8875
7375
8738
1071
2247
2471
3481
8602
6505
6647
5657
586
1083
7953
1565
3461
9407
9625
3533
4889
5172
5531
7703
1
1344
3938
3707
1305
1739
7797
7367
947
7416
9989
6996
5669
8115
7991
5244
3777
3171
778
308
6930
7520
5652
6209
7638
919
5114
9244
6362
518
7783
3029
1109
7782
1846
5768
6214
2981
9039
4789
1856
2803
1225
5493
8880
3850
1120
3007
7588
8947
3002
4675
3788
9589
7231
2239
7104
5551
8750
2966
9495
8090
5137
4524
2655
1843
6848
7269
349
3105
1844
7209
9396
2019
732
1467
4153
7052
2069
4646
3473
5000
4130
3096
7043
5661
1507
5141
7905
7003
7241
8243
2498
5292
7389
9390
7461
8376
2045
8157
3854
1643
5999
8788
8366
9466
7808
4333
823
5335
3583
598
5140
2831
5459
6799
7666
4794
6822
9262
9598
539
5021
6814
2144
8015
4495
6222
4186
2245
7495
4117
4817
6928
933
198
5072
9769
6574
6497
4913
5386
1749
9682
6909
665
4741
6683
6096
8552
1783
2470
4010
7096
8374
6563
9580
8606
9790
211
7583
